5x4
01210
21112
11111
01210

5x5
01210
11111
21112
11111
01210

5x6
01210
11111
11111
21112
11111
01210

5x7
01210
11111
11111
21112
11111
11111
01210

5x8
01210
11111
11111
11111
21112
11111
11111
01210

8x8
00021000
00111100
01110110
21011112
11111011
01101110
00111100
00012000

30x30
111112111111111211111111121111
111111111111111111111111111111
111111111111111111111111111111
111111111111111111111111111111
111111111111111111111111111111
211111111111111111111111111111
111111111111111111111111111111
111111111111111111111111111112
111111111111111111111111111111
111111111111111111111111111111
111111111111111111111111111111
111111111111111111111111111111
111111111111111111111111111111
111111111111111111111111111111
211111111111111111111111111111
111111111111111111111111111111
111111111111111111111111111112
111111111111111111111111111111
111111111111111111111111111111
111111111111111111111111111111
111111111111111111111111111111
211111111111111111111111111111
111111111111111111111111111111
111111111111111111111111111111
111111111111111111111111111111
111111111111111111111111111111
111111111111111111111111111111
111111111111111111111111111112
111111111111111111111111111111
111112111111112111111112111111
